0	[-1.28376869  1.72225149 -0.34813527 -0.0939721  -0.00399975  0.03716643
  0.08563621  0.09601085  0.06118614 -0.07727083 -0.19510447]
1	[ 2.20872826 -0.44579917  0.18608278  0.10560302  0.04384829  0.00241006
 -0.13296696 -0.21603588 -0.36456923 -0.60315119 -0.78415   ]
2	[-0.79372278 -0.71478922 -0.67408458 -0.63310789 -0.52864007 -0.42722973
 -0.21119358  0.12029722  0.6950648   1.31405039  1.85335543]
3	[ 1.42068397  1.52721993 -0.05477591  0.07716015 -0.00384679 -0.12534761
 -0.23790092 -0.33477104 -0.51487064 -0.77240298 -0.98114816]
4	[-1.25566274 -0.76327331  1.52986155 -0.22296819  0.03424732  0.11295839
  0.22175784  0.24913783  0.20004264  0.00800183 -0.11410315]
5	[-0.92157878 -0.79955175 -0.26017259  1.713899    0.1572365   0.14980351
  0.20837324  0.13317949  0.08516552 -0.13379371 -0.33256043]
6	[-1.31448955 -1.00767362 -0.8588367  -0.46762174 -0.16292781  0.16215355
  0.50452436  0.77839377  0.91069265  0.78842923  0.66735586]
7	[-0.96329867 -0.61372313 -0.658646   -0.0952633   1.36868177  0.80726015
  0.47937472  0.32167421  0.06866697 -0.24055114 -0.47417558]
8	[ 1.33272149 -0.97626387 -0.92552482 -0.58303945 -0.28747524 -0.15266746
  0.07967554  0.29485377  0.42607396  0.41863756  0.37300852]
9	[-0.01498492  0.68432908  1.33926415  0.70061947  0.45065768  0.10872152
 -0.12129669 -0.31023    -0.59904542 -0.98518725 -1.25284761]
