0	[-1.42472004 -0.87774767  0.94387968 -0.24351747 -0.2270303  -0.15115189
  0.41131377  0.28225177  0.44474081  0.42956274  0.41241859]
1	[-1.16064578 -0.08628368  0.62795104  1.66318704  0.31942599 -0.05311849
  0.30088086 -0.05712547 -0.22773502 -0.59755894 -0.72897756]
2	[ 1.71046062  1.16138576  0.08138641  0.30430124 -0.01331753 -0.14688118
 -0.28458855 -0.36789592 -0.59070626 -0.83714438 -1.01700021]
3	[-1.29137385 -1.25593805 -1.06441565 -0.2182598  -0.02317451  0.26137777
  0.60559076  0.72652682  0.88235521  0.71270421  0.66460709]
4	[-0.81086294 -0.8274089  -0.76463904 -0.70945789 -0.51428923 -0.38861318
 -0.13144967  0.29871381  0.79841218  1.34421725  1.70537762]
5	[ 1.83437097 -0.68649398 -0.74624966 -0.72207086 -0.38505581 -0.28179836
  0.03828922  0.24203391  0.27490625  0.35244534  0.07962297]
6	[ 0.21772313  0.79114076  1.41081375  0.502883    0.60972735  0.04418634
 -0.22993219 -0.26742978 -0.61538937 -1.0987035  -1.36501951]
7	[-0.76953326 -0.67467473 -0.69445631  0.09302083  1.41606321  0.86989603
  0.21826939  0.44136031 -0.08011364 -0.29351979 -0.52631203]
8	[-1.16009187  1.65474047 -0.31829676 -0.32587471 -0.21139802 -0.03082779
 -0.09688489  0.10432079  0.31399611  0.08164841 -0.01133175]
9	[ 1.73113017 -1.2628801   0.2047459   0.69973556  0.03327509  0.17702941
 -0.17777995 -0.09228874 -0.23233836 -0.43532129 -0.64530768]
